ai1 1 3 5
b 1 2 
c 3 6 4 
d 1
e 5 6 
f
g 0
123-123 0 4
123-123 0 4
123-123 0 4
123-123 0 4
123-123 0 4
123-123 0 4
123-123 0 4
123-123 0 4
123-123 0 4
123-123 0 4
123-123 0 4
123-123 0 4
123-123 0 4
123-123 0 4
123-123 0 4
123-123 0 4
123-123 0 4
123-123 0 4
123-123 0 4
123-123 0 4
124214214 0 4
124214214 0 4
123 0 4
3 0 4
5 0 4
42141 0 4
99-321 0 4
2134-12 0 4
1234-123 1
1244 0 3
333 0 3
12344 1
123333333 1
1111 0 3
124 0 4
123 1
123333 1
123333 0 3
888 0 3
 1
33333333 0 3
5535127 0 4
1232134 0 3
55555 1
 0 3
234235 0 4
87782 0 4
939299 0 3
939299 0 3
999182 0 4
999182 0 4
34235232 1
34235232 1
34235232 0 3
 0 4
23132 1
91824 0 4
867635872 0 3
867635872 0 3
867635872 0 3
867635872 0 3
93759674 0 4
9375967477 0 3
9375967477 1
